<svg width="16" height="17" viewBox="0 0 16 17" fill="none" xmlns="http://www.w3.org/2000/svg">
  <g clip-path="url(#clip0_836_10583)">
  <path d="M10.2188 15.875C10.2188 16.2202 9.93894 16.5 9.59375 16.5H3.40625C2.02775 16.5 0.90625 15.3785 0.90625 14V3C0.90625 1.6215 2.02775 0.5 3.40625 0.5H11.0903C12.4688 0.5 13.5903 1.6215 13.5903 3V6.5625C13.5903 6.90769 13.3105 7.1875 12.9653 7.1875C12.6201 7.1875 12.3403 6.90769 12.3403 6.5625V3C12.3403 2.31075 11.7795 1.75 11.0903 1.75H3.40625C2.717 1.75 2.15625 2.31075 2.15625 3V14C2.15625 14.6892 2.717 15.25 3.40625 15.25H9.59375C9.93894 15.25 10.2188 15.5298 10.2188 15.875ZM9.8125 11C9.8125 10.6548 9.53269 10.375 9.1875 10.375H4.03125C3.68606 10.375 3.40625 10.6548 3.40625 11C3.40625 11.3452 3.68606 11.625 4.03125 11.625H9.1875C9.53269 11.625 9.8125 11.3452 9.8125 11ZM10.3531 7.90478C10.4171 8.21328 10.34 8.53009 10.1415 8.77406C9.94384 9.01694 9.65094 9.15625 9.33791 9.15625H5.34959C5.03656 9.15625 4.74366 9.01694 4.54603 8.77406C4.3475 8.53009 4.27041 8.21328 4.33444 7.90484C4.51184 7.05075 5.04309 6.33887 5.75397 5.90941C5.51597 5.58391 5.375 5.18319 5.375 4.75C5.375 3.66444 6.25819 2.78125 7.34375 2.78125C8.42931 2.78125 9.3125 3.66444 9.3125 4.75C9.3125 5.18319 9.17153 5.58391 8.93353 5.90938C9.64441 6.33884 10.1757 7.05069 10.3531 7.90478ZM6.625 4.75C6.625 5.14631 6.94741 5.46875 7.34375 5.46875C7.74009 5.46875 8.0625 5.14631 8.0625 4.75C8.0625 4.35369 7.74009 4.03125 7.34375 4.03125C6.94741 4.03125 6.625 4.35369 6.625 4.75ZM9.057 7.90625C8.79981 7.20494 8.12319 6.71875 7.36009 6.71875H7.32737C6.56434 6.71875 5.88775 7.20497 5.63047 7.90625H9.057ZM4.03125 12.75C3.68606 12.75 3.40625 13.0298 3.40625 13.375C3.40625 13.7202 3.68606 14 4.03125 14H6.6875C7.03269 14 7.3125 13.7202 7.3125 13.375C7.3125 13.0298 7.03269 12.75 6.6875 12.75H4.03125ZM14.5732 12.409C14.2422 12.0848 13.8015 11.9062 13.3323 11.9062H12.7596C12.4843 11.9062 12.2517 11.538 12.2517 11.25C12.2517 10.9702 12.47 10.6562 12.7596 10.6562H13.3012C13.4604 10.6562 13.625 10.7628 13.625 10.9411C13.625 11.2863 13.9048 11.5661 14.25 11.5661C14.5952 11.5661 14.875 11.2863 14.875 10.9411C14.875 10.1921 14.3219 9.56706 13.5931 9.43316V9.03125C13.5931 8.68606 13.3133 8.40625 12.9681 8.40625C12.6229 8.40625 12.375 8.68606 12.375 9.03125V9.45463C12.0657 9.52766 11.7505 9.68188 11.5207 9.90672C11.186 10.2342 11.0017 10.7777 11.0017 11.25C11.0017 12.2322 11.7903 13.1562 12.7596 13.1562H13.3323C13.6191 13.1562 13.8438 13.4412 13.8438 13.7188C13.8438 13.9904 13.6239 14.2812 13.3323 14.2812H12.4016C12.248 14.2812 12.0925 14.1847 12.0925 14C12.0925 13.6548 11.8127 13.375 11.4675 13.375C11.1223 13.375 10.8425 13.6548 10.8425 14C10.8425 14.8394 11.4971 15.5006 12.3432 15.5298V15.875C12.3432 16.2202 12.623 16.5 12.9682 16.5C13.3133 16.5 13.5932 16.2202 13.5932 15.875V15.513C14.4529 15.3929 15.0938 14.5999 15.0938 13.7188C15.0938 13.2465 14.9089 12.7378 14.5732 12.409Z" fill="currentColor"/>
  </g>
  <defs>
  <clipPath id="clip0_836_10583">
  <rect width="16" height="16" fill="white" transform="translate(0 0.5)"/>
  </clipPath>
  </defs>
  </svg>
